8384324
7975885
8397020
2431254
6323978
7686619
3002151
6254029
8400699
1279394
3009826
8394013
2806896
2438428
1378589
8393987
2831458
8173077
8276415
1332797
2835731
2559294
1338771
8381385
9279371
8385341
8276253
6096208
1335809
7920631
1328024
2844459
7813915
8383794
3237236
2839298
1413518
2549397
7874122
3001638
2434358
8114745
2566545
6278320
3012536
2599377
7739413
2999774
2497061
2551508
2825139
8016128
7881413
3001654
1346771
2542945
7963508
8381389
2559629
2981336
3032452
6209137
2541408
1662412
1338369
1722352
1549107
1668310
1660526
1916298
1719426
1676982
2825118
1709156
1710278
1849497
1646336
2172925
2169023
2558257
1692956
2159639
2552406
2158907
2109696
2154751
2444857
10952209
2158485
7693554
1320255
1710354
3692483
10461876
10415500
10401005
10368437
10208652
8276257
10066175
10082612
2837736
9884350
9850060
2480599
9753719
9690999
9694261
9608047
9618170
8384847
2463956
10993599
9361030
8268924
9419237
2454389
9367680
8384068
1312702
9446807
10824854
1319393
8392588
9327764
8168038
1698287
9806550
9193430
9162502
9197549
1662391
9199932
9140393
10552051
9302319
8387534
7516468
2157848
1548934
9482842
8932367
8790336
8196634
8640237
8732673
10508842
10952196
9204548
9922177
9029792
9461395
8576962
7590357
7479000
8917322
9461396
7721086
7733299
7549935
7730321
9389682
7862530
9559534
7806299
9168132
9050872
15531153
15533437
15520289
9403067
9351839
15363897
15461819
9332354
9468520
9312060
8670227
9422746
8857543
9621510
8945517
8643651
7769618
8918229
15666716
7699719
7551548
10229571
8895199
15322092
8599946
15578988
9119397
8609476
15514065
15274918
8776588
7870576
15507602
15008791
12032244
12884004
12727900
15028673
12484521
14621267
15194190
14736919
12579417
15269276
12949145
12176320
14505274
14742665
14611660
15115313
14673087
12618366
12654999
12569170
14628287
15109260
15109395
12644406
12888497
12907736
15190130
12034850
12415270
11898794
12682288
11882661
14578886
14698614
11756672
11733623
11731496
12070800
15170229
12909712
11700292
11606704
12372140
11574059
15012967
11479678
11385709
11375061
12734010
11326281
11313748
11385207
11991712
11179020
12621071
11163965
11139628
14751968
12955498
12094329
12897783
10970230
10903888
12411507
10862620
10781834
10677855
15100712
10684937
12162956
20008508
20028844
11875026
14556187
19823873
14656960
10903374
19776130
11823433
14739249
19733544
19718052
19625614
12468100
19691826
11933157
11901990
19669628
11485633
11371580
19621349
11971989
11007163
19570999
11238933
11696354
11042149
11158327
11719568
19442302
19439515
11591480
11691937
19450234
19393186
19325906
19324900
10742098
19273617
19289598
19266026
10673143
19209240
19188259
19390601
19657334
19652014
19008196
11161810
18948735
19752750
19961423
19487571
18842824
11145021
19631225
19763338
19501635
19752751
18753792
19471016
19651850
18597676
19561344
19635844
18532878
18497743
19488400
18438408
18343891
18367521
19407656
19293934
18259106
19763152
19858101
18200586
19699787
18952144
18036258
17986331
19112500
17716834
19147684
17683538
19390602
17673700
17630829
19018283
18854152
18550801
19252478
18769724
17603915
17594509
18923924
17574350
18951971
18836035
17514354
17490832
18687876
17483097
18767160
17442506
18823011
18256243
17685228
17602234
18534786
18827027
17563315
18282469
17610419
17725822
17602167
18721867
18003932
17626046
18178607
18252213
18047649
18485226
18369450
17560999
17531547
17627118
17495012
17511669
17030807
17166054
17301878
17334995
17139332
17151957
17010537
17134854
17038168
17222062
16955095
17171681
17307006
17435244
17020603
17056208
16877821
17015820
16808900
16823085
17028963
17339369
16740159
16733533
17055192
17079174
16717141
17020921
17034961
17164785
16618923
17101968
17101974
16522357
16527433
16877812
17130240
16756682
17431169
16507671
16877810
17202866
16755498
16388311
17181857
16376498
16356584
17416749
16877819
16249005
17079095
16140991
16140992
16140988
16877817
16093676
17331616
16698926
17403897
16344113
15993034
16523688
17134498
16672366
15944437
17199106
15922829
16554555
15890939
15871047
15860774
15843013
16909913
15841484
15817567
16201008
16705797
16417911
26442170
16490214
25598847
25572935
25795118
16093692
25468787
16532396
25453824
16412437
16034026
16344559
25348035
16648136
16511833
16446059
25305771
16093671
25285314
25243180
15978851
16093656
16670018
15890192
16728505
15800208
15659556
16024818
25121584
25082706
15709013
25378331
16183655
15983781
15930490
25182383
25367621
16088935
25512264
24998597
25431265
25346866
15712380
25352549
25212510
25289675
25126862
25192754
25218797
24914052
25086724
25492703
25327441
24753411
24707728
25072603
24714652
24637839
24990961
25143528
24553397
25036377
24389010
25842827
25274305
25096406
24344916
15643617
25108652
25045147
24847061
24262036
24980824
24260150
25053411
24557901
24234653
25034357
24195013
24925769
25114248
24146427
24080407
24980756
24838914
25097266
24376882
24958239
24824428
24981932
23984937
24586730
23915234
24294382
23884656
24708615
24939876
23803660
24843014
24932571
24478191
24367644
24131979
24195012
24286172
24270790
24039890
24089548
24324740
24240092
24153179
24133654
24345856
23995758
24015185
24278031
24035396
23921635
23985544
24040300
23855992
23896728
23342974
23333607
23663499
23466288
23208499
23717800
23093941
23675310
23175445
23749060
23755966
23599355
23223007
23750218
23692647
23717661
23795293
23020800
23416717
23519027
23497436
23155332
22968929
22952045
23612256
23517394
23358623
23676707
23257623
23201072
23344650
22770213
22745252
23057747
23161687
22753232
23508416
22931862
22731656
22666219
22609064
23118857
22593550
23125228
22531475
22549984
23369858
22539838
23676100
22495107
23523050
22495300
22483866
23007156
23360310
23322991
22370293
22976393
23696454
22262268
23211626
24278713
23149543
22222953
22926102
22562360
22733751
22217707
22716230
22192339
22144907
23028371
22159035
22087792
22745376
22952639
22037309
22079243
22353364
22016335
22528351
22759815
21993621
21987713
21937507
21929767
22897927
21916613
21876680
22405943
21868050
22567964
21835794
21827582
22492708
22912586
21787833
22753106
22907758
22300442
22201983
22461402
22201808
21636125
22201974
22016860
22918960
22214611
22196059
22406018
21370050
22545241
21989055
21287136
22225458
21822869
21560187
21251928
21516337
22185517
22125493
21131385
21111241
21071410
21067568
28178454
21992617
21772253
20967611
21801021
21874386
21041622
20979631
20935053
22053090
21613236
20852066
21862875
21572950
20633052
21185377
21813467
21477589
21636526
21362639
20591181
20532223
20500903
21979053
21447194
21285958
20514435
20459611
21384534
20410666
21233348
21423624
20234284
20686575
20226075
20846497
21297615
20602998
20176473
21041479
21037245
21059241
20595816
21041477
20643138
21209933
21254562
31918342
31871160
21184688
20603005
20404201
20949108
20488934
21151977
20416380
20615209
20827276
20158867
20540701
20393868
20521842
20346965
20064768
20145203
20201064
19740021
19905893
20153011
32030105
20215437
31874857
20147320
20307669
31969897
31568709
31712748
31066577
31568525
31642473
31413151
31655156
31570000
31659027
31151386
31822674
31666001
31788036
31536958
31073336
31076573
31505839
31717545
31813465
31006620
30956044
30988701
31377971
30926969
31284509
30895963
31448067
31355344
30773596
31575651
31814915
31354794
31230816
31219246
30729177
31851760
31122241
31548405
31341054
30575273
30568248
31775878
31623314
31184507
31112282
30455182
31101683
30418605
31265838
30955886
31099022
30887304
30900179
30973874
31107442
31080522
30746825
30690181
30237828
31064734
30764754
30699287
30128216
30072691
30826177
30770900
30586383
30016617
30027562
30038280
30061100
30341801
30728521
29953920
30445649
30281932
30774773
30539386
30658985
29942365
30242680
29708779
30587508
30739781
30261016
30623286
30096459
30123290
30082227
30329085
30367120
29657287
30400891
29632618
30347711
30231016
30221208
29580552
29949758
29564828
30381291
29525183
29505568
29460123
29474918
30514403
29688421
29802231
29390960
29372669
29872154
29729503
29339519
29327725
30084155
29861327
29886078
29288557
29648536
29165679
29726894
29526463
29405002
29154869
29109480
29774526
30037614
29643204
29706119
29724131
28931686
29563767
28957348
28941465
28842508
29615469
28770012
28800766
28750672
29686828
28663337
29649143
28704776
28662076
29976163
29725084
29225704
29458070
29321585
32161797
29309036
28993934
29875629
29392473
29066820
28714502
29219079
29378289
28653997
29396793
28642606
28450901
29032825
29016854
28459454
28561751
28938719
28826027
29089466
28645898
29211708
28251877
28637190
28231763
28666380
28209295
28484230
28824558
28522611
28510333
28524723
28491150
28623187
28429755
28700586
28500952
29237055
28374938
28295042
28381655
28459457
28258386
28414318
28245871
28242298
28390408
28334850
28301478
28355180
29308093
27741242
27530248
27900322
28033411
27658049
27999332
27861119
28068183
27743609
27604870
27588042
27524380
27761808
27784896
27527733
28134931
28096347
27618310
27198853
27573482
27247436
27565927
27172225
27178279
27965292
28139237
27219456
27999094
27096009
27899577
27635049
27478512
27071356
27729044
27003935
26990047
26950403
27895722
27729835
27807467
26942044
26932189
27658045
27914481
26895049
28049704
26895045
27951720
26890526
28100588
27913727
27929521
26939020
27426086
26883630
27046835
26854351
26827622
27301971
27780869
27169424
27095191
27243754
27158268
27384848
27066303
26673717
27154225
26895046
26579215
27259691
26895055
26503250
26912821
26895048
26895056
26942045
26895053
26638173
26319576
27099633
26260970
26223268
26816490
26861665
27446907
26742580
27014690
26463380
26159513
26929209
26148505
26983639
26743714
26740556
26780549
26895061
26001115
26666304
26211958
25956794
26334867
26210645
26406119
25795118
28484172
26706816
26103901
25724209
26442176
25710700
25701601
26585388
26402067
25981446
25860606
26360614
26585389
26208039
26384559
26216945
39670972
39668246
39621077
39631470
39638237
39576233
39558574
39563162
26208093
26334179
39604704
26122653
26021318
39358607
39413784
39356058
26212611
39343750
26104698
25663478
26095805
25997618
25613453
25702640
25774044
39098302
25798578
39047731
39103003
25352549
39025317
39011896
25951186
25761766
25866159
39423215
39520370
38874474
25327441
38866979
39775734
39300110
39565204
28123791
39577413
25546334
39868163
38720252
25569532
25831499
38659854
38862540
38709956
38702027
39318356
39329701
39336776
39287133
38937837
39102544
39223139
39296333
39311137
38659906
38960580
38783375
38834915
38714869
38960717
38674405
38850156
38945203
38746229
38793589
38759652
38936517
39122675
38629637
38722203
39883328
37658059
38646531
38309261
37372948
37301950
37308564
37823611
37381037
38049398
38397133
37400500
37628742
38155423
38478628
38383605
37652985
38540776
37694973
37394769
37741908
38359785
38105195
37264881
37822488
37269361
37292765
37620405
37910626
37165195
38031415
37139234
37165451
37108679
38355802
38037122
36992338
37308596
37310664
38131004
37627147
36833175
37325565
37543704
37731009
37298659
36537036
38152346
38590523
38102195
37283517
38091988
38070120
36449162
37938770
37298193
37997675
36420574
36318749
36631879
36362280
37175696
36449167
36215696
36192170
37271534
36449163
36101413
36010599
36914622
36469606
37012406
37234925
36859566
35970867
35926060
35871298
36418540
36497059
36864754
36657637
38261975
36436935
37087908
35732404
36537219
35704668
35675780
35627104
35525246
36309315
36173571
38329876
36219870
36143463
35388081
36403548
36997626
35496784
35332097
35732994
34675070
34657766
35552404
34587152
36446586
35864085
35691110
36460901
36295018
35978033
35980315
35963498
36780344
35574660
35768521
35859320
35868859
34183725
34158539
34406591
35348724
34070697
36040959
34010392
34083437
35346298
34051843
33983939
35741345
36000172
34396711
35386818
34377368
34298881
33910608
33896072
34231212
33852834
33826137
35891551
33765992
34620711
34467830
33926516
33722937
34400477
33992534
34182464
33672287
35378129
34552146
34425899
34390351
33879525
33526699
34253898
33432196
33390179
33850167
33958444
35609796
34071585
33974080
33663262
35342861
34113336
33060137
33972655
34348967
33789992
32923624
32958672
32950390
32884136
32860627
34174884
33671852
33812898
33514913
33684176
33293698
33751828
33725281
33616891
33659801
33659249
33445593
33169370
33693705
33032882
33315879
33319250
33989302
32965162
33225580
33186547
33275394
33058565
33177501
32449695
32712063
32243892
32396830
32722770
32075563
32170069
32655015
32449724
32170627
32486217
32637579
32110248
32503430
32067044
32075553
32075558
32359137
32053231
32132168
32266012
32763147
32676128
31918342
31921361
32724446
32797042
31871160
32075555
32075562
31712748
31568709
32579599
32441177
41859929
32096664
32669333
32169107
32504224
32142408
41709209
32085571
41683713
32115149
32188504
32050713
32629888
41620616
41655478
32817447
41595463
31853540
41504242
41506784
32525932
41473303
31889265
41871060
41763613
32030105
41394315
32493845
41272845
41616024
31964400
32075559
41278641
41680266
41247621
32727536
41923094
31874857
41223332
31959800
41832971
41199327
41544163
41767206
41168841
41167193
31919093
41648620
41000879
40983656
41784265
40962935
41278988
41648576
41235755
41278868
41468306
41157902
41381971
41690151
41462332
41681929
41477637
41279747
40848716
41184288
40696366
40696405
41390797
40645931
41219721
40953126
40610675
40588507
40568936
41490817
41317107
40928843
41183001
41602168
41121401
41010280
40823530
40341501
41168225
40326043
40298111
41179290
40257001
40248949
40914050
40270975
40806778
40171783
40141064
40852913
40808642
40427530
40629180
40455561
39985481
40774253
40607221
39810601
40748212
39670972
39668246
39631470
39621077
39638237
39358607
39413784
39604704
40971922
40365017
40753856
40480832
40540399
35253846
40646624
35117975
35183687
40251809
40161734
40382218
35126398
40734190
40791480
40051556
40814019
40128823
40188359
34862378
39797762
34828342
39937851
39314493
40586999
40360186
40071709
38370753
35216353
40568672
34870275
10964437
35244719
11007159
26895063
35082789
34782009
39318356
34999728
35166017
34715873
10699189
39920152
35013466
39975348
10779482
35154098
38468535
34773059
35269693
34960665
34680288
40147730
