7963508
2566545
8385341
3009826
8393987
1320255
2831458
2463956
2559294
8114745
2839298
6096208
1662412
3001638
8387534
2497061
6323978
7920631
1662391
8381385
1548934
8381389
10066175
2158907
8384324
1719426
9694261
10208652
7693554
10229571
1279394
9332354
9403067
9168132
9559534
9884350
8945517
1660526
9119397
9367680
2158485
9361030
9419237
7769618
8670227
15461819
15109395
9618170
7549935
12411507
12176320
15507602
12579417
14656960
12032244
12094329
12727900
8776588
11875026
11731496
11606704
11479678
11371580
15028673
11007163
11591480
10781834
12884004
20028844
19471016
19776130
19657334
19823873
19407656
19324900
19209240
14742665
11385709
11385207
19147684
19393186
10862620
18923924
8640237
18951971
18952144
18256243
19635844
18047649
18178607
17490832
18721867
18036258
17531547
18369450
18485226
17483097
19266026
17511669
17610419
17334995
18367521
19439515
17079174
17171681
17307006
16522357
16808900
16705797
17574350
18532878
17030807
16093692
16672366
16490214
16877821
15944437
15930490
16183655
17181857
15843013
18252213
15817567
11161810
16728505
25305771
25572935
16648136
25126862
15978851
25243180
25289675
16618923
25143528
16088935
15712380
24824428
15841484
24958239
15643617
25036377
15659556
16344559
24478191
24714652
25842827
25096406
15860774
24981932
23884656
24294382
24035396
23675310
23093941
23497436
24939876
24133654
23125228
23755966
23717661
23803660
24389010
22907758
23750218
22926102
22483866
22770213
23020800
24344916
22461402
22201974
22185517
22214611
22217707
22745252
22753232
21993621
22733751
22159035
21827582
21287136
22593550
21636526
20935053
21874386
21979053
21987713
23322991
21423624
22225458
20852066
20846497
23599355
21297615
21370050
23333607
21636125
21209933
20949108
22079243
31851760
31717545
20603005
30739781
20500903
31775878
30926969
20176473
31814915
30764754
30774773
19740021
31822674
20521842
31568525
30973874
31377971
31101683
31623314
31230816
31073336
30623286
31666001
30061100
30237828
30729177
30367120
31151386
30514403
30221208
29802231
29872154
20147320
29949758
29729503
30123290
29724131
30418605
29726894
30568248
29725084
29649143
29526463
29580552
30341801
30037614
29474918
29875629
29458070
29405002
29321585
29219079
29154869
29505568
29089466
29066820
29237055
29288557
29032825
29525183
28662076
30658985
28957348
29309036
29327725
28938719
28139237
28750672
28450901
28334850
28414318
28824558
28826027
29016854
28390408
28245871
27965292
29861327
27999094
28355180
27658045
27914481
28500952
27426086
27604870
27999332
28637190
27259691
27780869
27071356
28666380
28100588
26942045
26942044
27095191
27900322
26895045
26384559
26585388
26743714
26740556
26334179
26223268
27247436
26148505
26001115
25951186
26021318
26122653
26208039
26983639
26104698
26585389
25798578
29564828
25860606
25774044
25866159
25795118
25701601
39577413
25613453
25546334
39423215
38937837
27913727
25956794
39011896
27219456
39103003
38960580
26095805
38783375
38936517
38834915
39318356
39356058
39311137
39868163
38960717
38709956
39122675
38945203
37628742
39102544
26854351
37543704
39883328
37620405
37394769
37381037
37292765
38793589
38759652
37298193
37175696
37234925
37012406
37165451
37264881
36992338
36497059
38261975
36859566
38102195
36657637
36418540
37271534
36914622
36215696
36143463
36010599
35871298
36192170
36997626
35859320
35868859
36420574
35864085
35768521
36537219
36219870
35732404
35704668
34675070
35609796
38720252
38397133
38590523
34587152
35691110
34231212
34400477
34390351
35970867
35342861
36460901
36780344
35741345
34253898
33989302
33672287
34071585
34183725
33526699
33693705
33992534
33983939
34174884
33684176
34158539
33445593
33826137
34010392
33616891
34083437
33432196
33315879
33722937
33293698
33659249
33751828
33896072
33186547
32722770
33032882
32965162
32669333
33972655
33060137
32449724
32486217
32504224
33058565
32503430
32441177
32712063
32817447
32170069
31964400
31874857
34113336
41767206
41477637
41602168
41763613
41381971
32142408
41272845
41279747
41473303
32075559
41278988
41247621
32958672
40953126
40962935
40914050
32053231
40806778
41223332
40696366
40646624
40696405
32075553
40971922
40588507
40607221
40852913
40791480
40814019
31712748
41690151
40629180
40610675
40341501
40298111
40251809
39920152
40257001
40128823
40171783
40360186
41219721
39631470
40071709
39985481
40051556
41490817
32727536
39604704
39314493
40568936
35117975
35183687
40326043
40188359
35244719
35154098
34773059
12006980
34999728
10811918
12107440
34828342
1310068
15826653
40270975
14530963
35082789
14610717
17134851
15243629
39668246
16434051
15467158
15272086
40568672
17562864
15292941
17517773
41167193
18779051
17152059
16775427
22228215
18396111
21878639
35013466
17470553
23135621
22160459
21506922
21085180
21069374
22845795
22094313
23540693
15190191
10980575
20421991
21715505
17028956
12083952
18615094
17623810
21573203
21034368
23734298
17293976
23648019
23555307
12827496
20602999
24212657
16365384
23928856
24371271
23151517
23053642
20948976
34680288
24337508
22547343
2536938
25010268
17273961
25043885
22513051
20496420
25745018
24505276
26448926
26496357
26763876
23665280
25782871
26734601
25716322
26895060
27319353
26907772
27131603
27197217
27863519
26901440
21878902
27428332
25791297
26156589
27893851
26769797
2834650
28536242
17280610
26134849
27482511
27900318
27293999
27428429
30454683
29201157
29393154
29262603
29239145
30692270
28585566
29941661
28546999
29095993
28381173
29315404
28930601
29293456
28516305
29497175
29970450
29028794
28974576
30564290
28586350
29697392
31175045
28238795
30776360
30880007
31308215
31042469
31220479
31088544
32082363
31846834
31393562
32037450
33125285
31492497
32794422
32887319
31369326
32651277
32850797
33009411
33541338
31293617
33335196
31761672
28883657
33822432
33673859
33717489
33771478
34538459
32760121
32156659
34554261
33648399
33833453
35095420
34880381
34304633
34382720
33839117
31455402
35650434
32980960
36912092
35997928
35219588
36197106
37382785
35169076
37130035
37124903
36970932
36639706
35760782
34739871
35171907
36942479
36482283
35395816
38092519
36198378
37180175
38072720
38013627
37508536
38067177
38256242
39088190
36964102
39048794
39009627
37580626
38363375
39789389
38042508
39350015
40251151
38168642
34761935
40225919
34058684
38313255
39214989
40048554
39251041
39190688
40237561
35842613
40157412
40001600
40021663
40600062
41066570
40497966
40510242
40707718
39601242
40832305
40940398
25750667
41648247
28637276
41721893
41747018
40789164
9065445
40612682
41747652
9384598
41256552
19123937
9609225
9697692
40825873
37934570
8118820
41785602
41489510
40432477
41460923
38086852
41296188
41690451
38332006
